58
{
0
0
0
0
0
0
0
0
0
0
0
0
0
0
0
0
0
0
0
0
0
0
0
0
0
0
0
0
0
0
0
0
0
7,10,11,12,13,14,16
3,00,20
17,03,04,05,06,10,11,12,14,22,24,25,26,30,31,32,33
12,01,02,05,10,11,13,15,16,21,24,25
12,00,01,04,10,11,13,15,16,22,25,26
16,01,02,04,05,06,10,12,13,16,21,24,25,33,34,36
4,02,10,11
9,01,02,03,04,05,06,10,17
9,00,07,11,12,13,14,15,16
6,00,02,11,20,22
6,04,13,14,15,24
3,06,07
4,04,14,24
2,06
9,05,06,07,12,13,14,20,21
17,01,02,03,04,05,10,12,16,20,23,26,31,32,33,34,35
9,01,10,11,12,13,14,15,16
13,01,05,06,10,14,16,20,23,26,31,32,36
12,06,10,16,20,22,26,31,32,33,34,35
12,01,02,03,10,13,22,23,24,25,26,33
14,00,01,02,06,10,12,16,20,22,26,33,34,35
15,01,02,03,04,05,10,12,16,20,22,26,33,34,35
11,00,10,14,15,16,20,22,23,30,31
15,01,03,04,05,10,12,16,20,22,26,31,33,34,35
13,01,10,12,16,20,22,26,31,32,33,34,35
3,23,25
4,04,06,07
6,03,12,14,22,24
7,02,04,12,14,22,24
6,02,04,12,14,23
10,01,10,13,14,16,20,23,31,32
16,00,03,05,10,12,14,16,20,22,23,24,26,31,34,36
17,01,02,03,04,05,06,10,12,20,22,31,32,33,34,35,36
18,00,01,02,03,04,05,06,10,12,16,20,22,26,31,33,34,35
12,01,02,03,04,05,10,16,20,26,31,35
17,00,01,02,03,04,05,06,10,16,20,26,31,32,33,34,35
16,00,01,02,03,04,05,06,10,12,16,20,22,26,30,36
13,00,01,02,03,04,05,06,10,12,20,22,30
15,01,02,03,04,05,10,16,20,23,26,31,33,34,35
17,00,01,02,03,04,05,06,13,23,30,31,32,33,34,35,36
8,20,21,22,23,24,25,26
10,05,16,26,30,31,32,33,34,35
16,00,01,02,03,04,05,06,12,20,21,22,33,34,35,36
10,00,01,02,03,04,05,06,16,26
17,00,01,02,03,04,05,06,11,21,30,31,32,33,34,35,36
17,00,01,02,03,04,05,06,11,22,30,31,32,33,34,35,36
15,01,02,03,04,05,10,16,20,26,31,32,33,34,35
14,00,01,02,03,04,05,06,10,12,20,22,31,32
18,01,02,03,04,05,10,16,20,26,27,30,31,32,33,34,35,37
17,00,01,02,03,04,05,06,10,12,20,22,31,33,34,35,36
13,01,06,10,12,16,20,22,26,30,33,34,35
11,00,10,20,21,22,23,24,25,26,30
15,00,01,02,03,04,05,16,26,30,31,32,33,34,35
14,00,01,02,03,04,05,16,25,30,31,32,33,34
17,00,01,02,03,04,05,06,15,25,30,31,32,33,34,35,36
15,00,01,03,04,05,06,12,22,30,31,33,34,35,36
12,00,01,02,13,14,15,16,23,30,31,32
13,00,04,05,06,10,13,16,22,26,30,31,36
11,00,01,02,03,04,05,06,07,10,17
9,00,01,12,13,14,25,26,27
11,00,07,10,11,12,13,14,15,16,17
6,01,02,10,21,22
5,07,17,27,37
4,00,10,11
13,05,04,03,12,16,22,26,32,33,34,35,36
15,00,01,02,03,04,05,06,12,16,22,26,33,34,35
10,03,04,05,12,16,22,26,33,35
15,03,04,05,12,16,22,26,30,31,32,33,34,35,36
13,03,04,05,12,15,16,22,24,26,32,33,36
12,02,07,11,12,13,14,15,16,20,22,30
15,03,04,07,12,15,17,22,25,27,32,33,34,35,36
14,00,01,02,03,04,05,06,13,22,33,34,35,36
7,20,22,23,24,25,26
10,06,17,27,30,32,33,34,35,36
14,00,01,02,03,04,05,06,13,22,24,32,35,36
9,00,10,11,12,13,14,15,26
13,02,03,04,05,06,13,22,23,33,34,35,36
12,02,03,04,05,06,12,22,33,34,35,36
11,03,04,05,12,16,22,26,33,34,35
13,02,03,04,05,06,07,12,15,22,25,33,34
13,03,04,12,15,22,25,32,33,34,35,36,37
9,02,03,04,05,06,13,22,32
11,03,06,12,13,16,22,24,26,32,35
12,02,10,11,12,13,14,15,22,26,32,36
12,02,03,04,05,16,26,32,33,34,35,36
10,02,03,04,05,16,24,25,32,33
13,02,03,04,05,15,16,25,32,33,34,35,36
11,02,03,05,06,14,23,24,32,35,36
13,02,03,04,15,17,25,27,32,33,34,35,36
12,02,05,06,12,14,16,22,23,26,32,36
11,03,11,12,14,15,16,20,27,30,37
10,03,10,11,12,14,15,16,17,23
11,00,07,10,17,21,22,24,25,26,33
7,03,04,13,23,32,34
0
}
.